8
1;25/12/2025;10:15;1;Elayadi;Kaoutar;250.000000;250.000000;0.000000;ESPECES;2
101;2;50.000000;100.000000
102;3;50.000000;150.000000
2;25/12/2025;11:05;2;Smith;John;120.000000;120.000000;0.000000;CARTE;1
103;2;60.000000;120.000000
3;26/12/2025;09:30;3;Doe;Jane;180.000000;180.000000;0.000000;CHEQUE;2
101;1;50.000000;50.000000
104;2;65.000000;130.000000
4;26/12/2025;14:20;4;Martin;Paul;75.000000;75.000000;0.000000;ESPECES;1
105;3;25.000000;75.000000
5;27/12/2025;16:40;0;Inconnu;;0.000000;0.000000;0.000000;;0
0;;;0;;;0.000000;0.000000;0.000000;;0
7;01/01/2026;12:15:48;1;asmae;ghh;9.000000;9.000000;0.000000;CARTE;1
2;2;4.500000;9.000000
8;01/01/2026;12:18:43;99;EL YOUNOUSSI;Daoud;19.700001;30.000000;10.299999;ESPECES;2
2;1;4.500000;4.500000
6;4;3.800000;15.200000
